H0 = [1,0;0,1];

x1 = [8/9; 4/9]; g1 = [-4/9; 8/9];
x0 = [2; 1];g0 = [4; 2];

s0 = x1-x0; y0 = g1-g0;

a = s0'*y0; b = -y0'*H0*y0;
H1 = H0+1/a*s0*s0'+ 1/b*H0*y0*y0'*H0;


